LandisData  "Base Wind"

Timestep  5

>>             ___ Event Size ___   Rotation
>> Ecoregion    Max   Mean    Min   Period
>> ---------   ----   ----   ----   --------
    2        	100 	5 	0.2 700
    3        	100 	5 	0.2 700
    4		100 	5 	0.2 700
    5		100 	5 	0.2 700
    7		100 	5 	0.2 700
    8		100 	5 	0.2 700
    11		100 	5 	0.2 700
    12		100 	5 	0.2 700
    14		100 	5 	0.2 700
    17		100 	5 	0.2 600
    20		100 	5 	0.2 500
    24		100 	5 	0.2 500
    25		100 	5 	0.2 500
    26		100 	5 	0.2 500
    27		100 	5 	0.2 500
    28		100 	5 	0.2 500
    31		100 	5 	0.2 700
    33		100 	5 	0.2 700
    35		100 	5 	0.2 700
    36		100 	5 	0.2 700
    37		100 	5 	0.2 700
    38		100 	5 	0.2 700
    40		100 	5 	0.2 700
    45		100 	5 	0.2 700
    52		100 	5 	0.2 500
    53		100 	5 	0.2 500
    62		100 	5 	0.2 700
    65		100 	5 	0.2 700
    79		100 	5 	0.2 700
    80		100 	5 	0.2 700
    88		100 	5 	0.2 700

WindSeverities

 >>            Cohort Age       Mortality
 >> Severity   % of longevity   Probability
 >> --------   --------------   -----------
       5          0% to  20%       0.05
       4         20% to  50%       0.1
       3         50% to  70%       0.5
       2         70% to  85%       0.85
       1         85% to 100%       0.95

MapNames  wind/severity-{timestep}.bin
LogFile   wind-test-log.csv
